0 1
1 1
2 0
3 0
4 1
5 1
6 0
7 0
8 1
9 2
10 0
11 0
12 3
13 2
14 0
15 0
16 5
17 4
18 0
19 0
20 12
21 7
22 0
23 0
24 20
25 11
26 0
27 0
28 45
29 20
30 0
31 0
32 80
33 36
34 0
35 0
36 173
37 65
38 0
39 0
40 310
41 117
42 0
43 0
44 664
45 216
46 0
47 0
48 1210
49 396
50 0
51 0
52 2570
53 736
54 0
55 0
56 4728
57 1369
58 0
59 0
60 9976
61 2558
62 0
63 0
64 18468
65 4787
66 0
67 0
68 38840
69 9006
70 0
71 0
72 72320
73 16969
74 0
75 0
76 151580
77 32101
78 0
79 0
80 283504
81 60773
82 0
83 0
84 592737
85 115435
86 0
87 0
88 1112935
89 219474
90 0
91 0
92 2322161
93 418415
94 0
95 0
96 4374861
97 798499
98 0
99 0
100 9112989
101 1527325
102 0
103 0
104 17218085
105 2923843
106 0
107 0
108 35815047
109 5608231
110 0
111 0
112 67841074
113 10765095
114 0
115 0
116 140947277
117 20699696
118 0
119 0
120 267588663
121 39830062
122 0
123 0
124 555379981
125 76758005
126 0
127 0
128 1056522627
129 148017641
130 0
131 0
132 2190875383
133 285817849
134 0
135 0
136 4175367854
137 552229495
138 0
139 0
140 8651648502
141 1068249456
142 0
143 0
144 16515441625
145 2067574197
146 0
147 0
148 34197996092
149 4006095110
150 0
151 0
152 65379642937
153 7766050830
154 0
155 0
156 135298565812
157 15069800548
158 0
159 0
160 259018020084
161 29256182414
162 0
163 0
